Valores

[-8.04       -7.97669291 -7.91338583 -7.85007874 -7.78677165 -7.72346457
 -7.66015748 -7.59685039 -7.53354331 -7.47023622 -7.40692913 -7.34362205
 -7.28031496 -7.21700787 -7.15370079 -7.0903937  -7.02708661 -6.96377953
 -6.90047244 -6.83716535 -6.77385827 -6.71055118 -6.64724409 -6.58393701
 -6.52062992 -6.45732283 -6.39401575 -6.33070866 -6.26740157 -6.20409449
 -6.1407874  -6.07748031 -6.01417323 -5.95086614 -5.88755906 -5.82425197
 -5.76094488 -5.6976378  -5.63433071 -5.57102362 -5.50771654 -5.44440945
 -5.38110236 -5.31779528 -5.25448819 -5.1911811  -5.12787402 -5.06456693
 -5.00125984 -4.93795276 -4.87464567 -4.81133858 -4.7480315  -4.68472441
 -4.62141732 -4.55811024 -4.49480315 -4.43149606 -4.36818898 -4.30488189
 -4.2415748  -4.17826772 -4.11496063 -4.05165354 -3.98834646 -3.92503937
 -3.86173228 -3.7984252  -3.73511811 -3.67181102 -3.60850394 -3.54519685
 -3.48188976 -3.41858268 -3.35527559 -3.2919685  -3.22866142 -3.16535433
 -3.10204724 -3.03874016 -2.97543307 -2.91212598 -2.8488189  -2.78551181
 -2.72220472 -2.65889764 -2.59559055 -2.53228346 -2.46897638 -2.40566929
 -2.3423622  -2.27905512 -2.21574803 -2.15244094 -2.08913386 -2.02582677
 -1.96251969 -1.8992126  -1.83590551 -1.77259843 -1.70929134 -1.64598425
 -1.58267717 -1.51937008 -1.45606299 -1.39275591 -1.32944882 -1.26614173
 -1.20283465 -1.13952756 -1.07622047 -1.01291339 -0.9496063  -0.88629921
 -0.82299213 -0.75968504 -0.69637795 -0.63307087 -0.56976378 -0.50645669
 -0.44314961 -0.37984252 -0.31653543 -0.25322835 -0.18992126 -0.12661417
 -0.06330709  0.          0.06330709  0.12661417  0.18992126  0.25322835
  0.31653543  0.37984252  0.44314961  0.50645669  0.56976378  0.63307087
  0.69637795  0.75968504  0.82299213  0.88629921  0.9496063   1.01291339
  1.07622047  1.13952756  1.20283465  1.26614173  1.32944882  1.39275591
  1.45606299  1.51937008  1.58267717  1.64598425  1.70929134  1.77259843
  1.83590551  1.8992126   1.96251969  2.02582677  2.08913386  2.15244094
  2.21574803  2.27905512  2.3423622   2.40566929  2.46897638  2.53228346
  2.59559055  2.65889764  2.72220472  2.78551181  2.8488189   2.91212598
  2.97543307  3.03874016  3.10204724  3.16535433  3.22866142  3.2919685
  3.35527559  3.41858268  3.48188976  3.54519685  3.60850394  3.67181102
  3.73511811  3.7984252   3.86173228  3.92503937  3.98834646  4.05165354
  4.11496063  4.17826772  4.2415748   4.30488189  4.36818898  4.43149606
  4.49480315  4.55811024  4.62141732  4.68472441  4.7480315   4.81133858
  4.87464567  4.93795276  5.00125984  5.06456693  5.12787402  5.1911811
  5.25448819  5.31779528  5.38110236  5.44440945  5.50771654  5.57102362
  5.63433071  5.6976378   5.76094488  5.82425197  5.88755906  5.95086614
  6.01417323  6.07748031  6.1407874   6.20409449  6.26740157  6.33070866
  6.39401575  6.45732283  6.52062992  6.58393701  6.64724409  6.71055118
  6.77385827  6.83716535  6.90047244  6.96377953  7.02708661  7.0903937
  7.15370079  7.21700787  7.28031496  7.34362205  7.40692913  7.47023622
  7.53354331  7.59685039  7.66015748  7.72346457  7.78677165  7.85007874
  7.91338583  7.97669291  8.04      ]
Contador

[    29     21     33     31     17     27     21     27     18     28
     21     18     32     19     29     26     17     20     21     21
     22     25     23     22     23     28     16     19     12     19
     25     25     25     27     21     12     15     23     28     20
     27     20     27     28     21     28     22     21     18     31
     21     24     26     33     29     30     30     19     24     22
     33     25     25     21     20     26     31     25     25     23
     33     32     22     27     20     24     34     27     27     24
     27     32     36     37     28     36     31     59     47     51
     45     49     36     59     50     35     47     35     51     52
     48     62     73     71     55     63     70     83     93     73
    105    115    102    123    124    142    165    176    208    224
    225    209    162    210    197    168    208 320023    198    215
    200    192    205    206    240    224    190    184    159    146
    105     98     96     74     78     90     59     70     62     57
     46     53     34     51     47     43     38     29     40     28
     21     38     30     27     16     20     33     22     20     26
     15     25     22     13     13     12     17     12     14     13
     11     12     12     21     18      6     14     23     11     12
     16     12      9     12     10     13     13     14     16     12
     18     15     15     17     11     10     16     14      8     12
     15     17     16     12     11     14     19     13     18     18
     19     23      9     18     10      9     18     17     12     16
     13     19     21     12     19     17     26     34     25     25
     19     20     19     18     15     26     23     16     22     17
     25     19     24     24     38]
Moda:  0.0
Valores

[-8.04       -7.97669291 -7.91338583 -7.85007874 -7.78677165 -7.72346457
 -7.66015748 -7.59685039 -7.53354331 -7.47023622 -7.40692913 -7.34362205
 -7.28031496 -7.21700787 -7.15370079 -7.0903937  -7.02708661 -6.96377953
 -6.90047244 -6.83716535 -6.77385827 -6.71055118 -6.64724409 -6.58393701
 -6.52062992 -6.45732283 -6.39401575 -6.33070866 -6.26740157 -6.20409449
 -6.1407874  -6.07748031 -6.01417323 -5.95086614 -5.88755906 -5.82425197
 -5.76094488 -5.6976378  -5.63433071 -5.57102362 -5.50771654 -5.44440945
 -5.38110236 -5.31779528 -5.25448819 -5.1911811  -5.12787402 -5.06456693
 -5.00125984 -4.93795276 -4.87464567 -4.81133858 -4.7480315  -4.68472441
 -4.62141732 -4.55811024 -4.49480315 -4.43149606 -4.36818898 -4.30488189
 -4.2415748  -4.17826772 -4.11496063 -4.05165354 -3.98834646 -3.92503937
 -3.86173228 -3.7984252  -3.73511811 -3.67181102 -3.60850394 -3.54519685
 -3.48188976 -3.41858268 -3.35527559 -3.2919685  -3.22866142 -3.16535433
 -3.10204724 -3.03874016 -2.97543307 -2.91212598 -2.8488189  -2.78551181
 -2.72220472 -2.65889764 -2.59559055 -2.53228346 -2.46897638 -2.40566929
 -2.3423622  -2.27905512 -2.21574803 -2.15244094 -2.08913386 -2.02582677
 -1.96251969 -1.8992126  -1.83590551 -1.77259843 -1.70929134 -1.64598425
 -1.58267717 -1.51937008 -1.45606299 -1.39275591 -1.32944882 -1.26614173
 -1.20283465 -1.13952756 -1.07622047 -1.01291339 -0.9496063  -0.88629921
 -0.82299213 -0.75968504 -0.69637795 -0.63307087 -0.56976378 -0.50645669
 -0.44314961 -0.37984252 -0.31653543 -0.25322835 -0.18992126 -0.12661417
 -0.06330709  0.          0.06330709  0.12661417  0.18992126  0.25322835
  0.31653543  0.37984252  0.44314961  0.50645669  0.56976378  0.63307087
  0.69637795  0.75968504  0.82299213  0.88629921  0.9496063   1.01291339
  1.07622047  1.13952756  1.20283465  1.26614173  1.32944882  1.39275591
  1.45606299  1.51937008  1.58267717  1.64598425  1.70929134  1.77259843
  1.83590551  1.8992126   1.96251969  2.02582677  2.08913386  2.15244094
  2.21574803  2.27905512  2.3423622   2.40566929  2.46897638  2.53228346
  2.59559055  2.65889764  2.72220472  2.78551181  2.8488189   2.91212598
  2.97543307  3.03874016  3.10204724  3.16535433  3.22866142  3.2919685
  3.35527559  3.41858268  3.48188976  3.54519685  3.60850394  3.67181102
  3.73511811  3.7984252   3.86173228  3.92503937  3.98834646  4.05165354
  4.11496063  4.17826772  4.2415748   4.30488189  4.36818898  4.43149606
  4.49480315  4.55811024  4.62141732  4.68472441  4.7480315   4.81133858
  4.87464567  4.93795276  5.00125984  5.06456693  5.12787402  5.1911811
  5.25448819  5.31779528  5.38110236  5.44440945  5.50771654  5.57102362
  5.63433071  5.6976378   5.76094488  5.82425197  5.88755906  5.95086614
  6.01417323  6.07748031  6.1407874   6.20409449  6.26740157  6.33070866
  6.39401575  6.45732283  6.52062992  6.58393701  6.64724409  6.71055118
  6.77385827  6.83716535  6.90047244  6.96377953  7.02708661  7.0903937
  7.15370079  7.21700787  7.28031496  7.34362205  7.40692913  7.47023622
  7.53354331  7.59685039  7.66015748  7.72346457  7.78677165  7.85007874
  7.91338583  7.97669291  8.04      ]
Contador

[    30     23     18     12     17     14     10     22     24     23
     17     14     16     20     18     23     22     18     13     31
     20     13     22     15     21     16     17     33     29     20
     22     23     19     17     25     21     23     27     19     22
     24     29     30     16     33     31     28     18     16     18
     32     29     26     17     25     25     27     28     34     28
     32     33     24     23     38     28     26     20     26     25
     19     35     29     30     27     25     32     27     32     34
     34     36     30     29     44     26     27     21     25     38
     28     38     44     38     46     50     34     60     57     47
     52     54     57     43     61     54     65     69     75     86
     90    119    113    135    132    133    182    176    200    194
    215    219    211    214    206    186    218 320086    193    226
    216    202    182    226    237    219    179    154    134    143
    109    118    106     98     74     82     55     62     59     54
     50     53     48     38     46     33     37     35     27     27
     33     31     32     26     22     23     33     22     29     19
     16     26     16     18     15     22     17     20     22     16
     14     24     27     17     21     17      9     12     12     16
     12     16     10      9     16     19     13     14     12     18
     18     11     20     28     13     17     10     12     16     15
     25     16     17     18     11     23     28     21     11     17
     14     22     20     10     16     18     18     14      9     29
     19     27     20     25     21     19     14     14     14     17
     12     17     15     22     26     12     18     16     16     21
     12     22     17     21     33]
Moda:  0.0
Valores

[-8.04       -7.97669291 -7.91338583 -7.85007874 -7.78677165 -7.72346457
 -7.66015748 -7.59685039 -7.53354331 -7.47023622 -7.40692913 -7.34362205
 -7.28031496 -7.21700787 -7.15370079 -7.0903937  -7.02708661 -6.96377953
 -6.90047244 -6.83716535 -6.77385827 -6.71055118 -6.64724409 -6.58393701
 -6.52062992 -6.45732283 -6.39401575 -6.33070866 -6.26740157 -6.20409449
 -6.1407874  -6.07748031 -6.01417323 -5.95086614 -5.88755906 -5.82425197
 -5.76094488 -5.6976378  -5.63433071 -5.57102362 -5.50771654 -5.44440945
 -5.38110236 -5.31779528 -5.25448819 -5.1911811  -5.12787402 -5.06456693
 -5.00125984 -4.93795276 -4.87464567 -4.81133858 -4.7480315  -4.68472441
 -4.62141732 -4.55811024 -4.49480315 -4.43149606 -4.36818898 -4.30488189
 -4.2415748  -4.17826772 -4.11496063 -4.05165354 -3.98834646 -3.92503937
 -3.86173228 -3.7984252  -3.73511811 -3.67181102 -3.60850394 -3.54519685
 -3.48188976 -3.41858268 -3.35527559 -3.2919685  -3.22866142 -3.16535433
 -3.10204724 -3.03874016 -2.97543307 -2.91212598 -2.8488189  -2.78551181
 -2.72220472 -2.65889764 -2.59559055 -2.53228346 -2.46897638 -2.40566929
 -2.3423622  -2.27905512 -2.21574803 -2.15244094 -2.08913386 -2.02582677
 -1.96251969 -1.8992126  -1.83590551 -1.77259843 -1.70929134 -1.64598425
 -1.58267717 -1.51937008 -1.45606299 -1.39275591 -1.32944882 -1.26614173
 -1.20283465 -1.13952756 -1.07622047 -1.01291339 -0.9496063  -0.88629921
 -0.82299213 -0.75968504 -0.69637795 -0.63307087 -0.56976378 -0.50645669
 -0.44314961 -0.37984252 -0.31653543 -0.25322835 -0.18992126 -0.12661417
 -0.06330709  0.          0.06330709  0.12661417  0.18992126  0.25322835
  0.31653543  0.37984252  0.44314961  0.50645669  0.56976378  0.63307087
  0.69637795  0.75968504  0.82299213  0.88629921  0.9496063   1.01291339
  1.07622047  1.13952756  1.20283465  1.26614173  1.32944882  1.39275591
  1.45606299  1.51937008  1.58267717  1.64598425  1.70929134  1.77259843
  1.83590551  1.8992126   1.96251969  2.02582677  2.08913386  2.15244094
  2.21574803  2.27905512  2.3423622   2.40566929  2.46897638  2.53228346
  2.59559055  2.65889764  2.72220472  2.78551181  2.8488189   2.91212598
  2.97543307  3.03874016  3.10204724  3.16535433  3.22866142  3.2919685
  3.35527559  3.41858268  3.48188976  3.54519685  3.60850394  3.67181102
  3.73511811  3.7984252   3.86173228  3.92503937  3.98834646  4.05165354
  4.11496063  4.17826772  4.2415748   4.30488189  4.36818898  4.43149606
  4.49480315  4.55811024  4.62141732  4.68472441  4.7480315   4.81133858
  4.87464567  4.93795276  5.00125984  5.06456693  5.12787402  5.1911811
  5.25448819  5.31779528  5.38110236  5.44440945  5.50771654  5.57102362
  5.63433071  5.6976378   5.76094488  5.82425197  5.88755906  5.95086614
  6.01417323  6.07748031  6.1407874   6.20409449  6.26740157  6.33070866
  6.39401575  6.45732283  6.52062992  6.58393701  6.64724409  6.71055118
  6.77385827  6.83716535  6.90047244  6.96377953  7.02708661  7.0903937
  7.15370079  7.21700787  7.28031496  7.34362205  7.40692913  7.47023622
  7.53354331  7.59685039  7.66015748  7.72346457  7.78677165  7.85007874
  7.91338583  7.97669291  8.04      ]
Contador

[    34     28     26     26     22     27     23     27     27     24
     28     27     21     13     31     14     19     14     18     12
     14     16      7     16     13     15     12     24     23     19
     23     19     15     11     15     16     27     17     20     27
     19     21     31     27     23     23     29     27     26     21
     23     16     19     18     23     26     24     32     17     35
     25     31     21     24     20     23     28     20     29     31
     28     29     31     41     31     28     32     34     34     23
     27     33     43     26     41     32     35     24     34     37
     44     34     36     36     33     48     42     50     43     53
     53     46     46     65     52     68     82     90     69     77
     93    105    126    150    128    142    142    171    186    225
    232    225    195    168    207    178    193 319828    220    193
    181    216    219    218    253    226    206    175    171    131
    132    119    127    104     97     72     83     56     70     62
     62     59     43     49     30     31     40     24     27     34
     27     23     30     26     32     28     26     23     27     23
     22     27     22     20     14     20     19     34     28     18
     19     18     22     14     20     12     19     20     15     19
     13     19     19     15     18     23     12     23     12     20
     21     16     17     12     15     16     20     17     18     13
     18     13     20     18     19     20     15     17     24     23
     23     15     16     15     15     15     20     13     20     21
     23     24     16     29     16     20     19     17     25     22
     29     22     21     25     23     16     15     23     15     18
     19     21     20     12     28]
Moda:  0.0
Valores

[-8.04       -7.97669291 -7.91338583 -7.85007874 -7.78677165 -7.72346457
 -7.66015748 -7.59685039 -7.53354331 -7.47023622 -7.40692913 -7.34362205
 -7.28031496 -7.21700787 -7.15370079 -7.0903937  -7.02708661 -6.96377953
 -6.90047244 -6.83716535 -6.77385827 -6.71055118 -6.64724409 -6.58393701
 -6.52062992 -6.45732283 -6.39401575 -6.33070866 -6.26740157 -6.20409449
 -6.1407874  -6.07748031 -6.01417323 -5.95086614 -5.88755906 -5.82425197
 -5.76094488 -5.6976378  -5.63433071 -5.57102362 -5.50771654 -5.44440945
 -5.38110236 -5.31779528 -5.25448819 -5.1911811  -5.12787402 -5.06456693
 -5.00125984 -4.93795276 -4.87464567 -4.81133858 -4.7480315  -4.68472441
 -4.62141732 -4.55811024 -4.49480315 -4.43149606 -4.36818898 -4.30488189
 -4.2415748  -4.17826772 -4.11496063 -4.05165354 -3.98834646 -3.92503937
 -3.86173228 -3.7984252  -3.73511811 -3.67181102 -3.60850394 -3.54519685
 -3.48188976 -3.41858268 -3.35527559 -3.2919685  -3.22866142 -3.16535433
 -3.10204724 -3.03874016 -2.97543307 -2.91212598 -2.8488189  -2.78551181
 -2.72220472 -2.65889764 -2.59559055 -2.53228346 -2.46897638 -2.40566929
 -2.3423622  -2.27905512 -2.21574803 -2.15244094 -2.08913386 -2.02582677
 -1.96251969 -1.8992126  -1.83590551 -1.77259843 -1.70929134 -1.64598425
 -1.58267717 -1.51937008 -1.45606299 -1.39275591 -1.32944882 -1.26614173
 -1.20283465 -1.13952756 -1.07622047 -1.01291339 -0.9496063  -0.88629921
 -0.82299213 -0.75968504 -0.69637795 -0.63307087 -0.56976378 -0.50645669
 -0.44314961 -0.37984252 -0.31653543 -0.25322835 -0.18992126 -0.12661417
 -0.06330709  0.          0.06330709  0.12661417  0.18992126  0.25322835
  0.31653543  0.37984252  0.44314961  0.50645669  0.56976378  0.63307087
  0.69637795  0.75968504  0.82299213  0.88629921  0.9496063   1.01291339
  1.07622047  1.13952756  1.20283465  1.26614173  1.32944882  1.39275591
  1.45606299  1.51937008  1.58267717  1.64598425  1.70929134  1.77259843
  1.83590551  1.8992126   1.96251969  2.02582677  2.08913386  2.15244094
  2.21574803  2.27905512  2.3423622   2.40566929  2.46897638  2.53228346
  2.59559055  2.65889764  2.72220472  2.78551181  2.8488189   2.91212598
  2.97543307  3.03874016  3.10204724  3.16535433  3.22866142  3.2919685
  3.35527559  3.41858268  3.48188976  3.54519685  3.60850394  3.67181102
  3.73511811  3.7984252   3.86173228  3.92503937  3.98834646  4.05165354
  4.11496063  4.17826772  4.2415748   4.30488189  4.36818898  4.43149606
  4.49480315  4.55811024  4.62141732  4.68472441  4.7480315   4.81133858
  4.87464567  4.93795276  5.00125984  5.06456693  5.12787402  5.1911811
  5.25448819  5.31779528  5.38110236  5.44440945  5.50771654  5.57102362
  5.63433071  5.6976378   5.76094488  5.82425197  5.88755906  5.95086614
  6.01417323  6.07748031  6.1407874   6.20409449  6.26740157  6.33070866
  6.39401575  6.45732283  6.52062992  6.58393701  6.64724409  6.71055118
  6.77385827  6.83716535  6.90047244  6.96377953  7.02708661  7.0903937
  7.15370079  7.21700787  7.28031496  7.34362205  7.40692913  7.47023622
  7.53354331  7.59685039  7.66015748  7.72346457  7.78677165  7.85007874
  7.91338583  7.97669291  8.04      ]
Contador

[    26     20     20     16     14     23     11     12     13     15
     22     20      9     13      9     14     12      8     11      6
     14     24     17     20     16     21     21     18     20     14
     16     14     13     18      7     21     21     19     20     15
     13      9     20     21     10     20     21     14     17     22
     15     20     30     19     29     18     22     22     32     37
     23     28     23     12     21     28     27     27     28     22
     23     41     15     16     29     31     33     33     30     16
     26     24     39     16     24     31     37     24     33     32
     33     37     37     43     47     46     47     45     52     57
     48     53     57     45     67     52     67     67     70     79
     75     85    126    107    114    132    137    180    188    211
    245    204    211    219    207    168    213 320537    235    214
    207    191    200    229    242    213    174    171    149    117
     93    109     87     85     88     73     70     61     55     67
     50     49     55     40     35     34     31     36     47     33
     25     35     42     29     25     22     17     28     27     24
     21     25     27     35     20     14     23     21     36     22
     18     19     15     24     16     18      9     14      6     18
     22      9     17      9     14     14     23     20     18     13
     18     19     13     13     17      8     13      8     21     13
     10     11     15     23     22     13     29     13     18     20
     12      9     19     24     14     13     11     17     29     12
     10     12     12     16     20     15     13     24     19      9
     16     24     16     20     17     20     21     25      9     15
     22     28     23     18     31]
Moda:  0.0
Valores

[-8.04       -7.97669291 -7.91338583 -7.85007874 -7.78677165 -7.72346457
 -7.66015748 -7.59685039 -7.53354331 -7.47023622 -7.40692913 -7.34362205
 -7.28031496 -7.21700787 -7.15370079 -7.0903937  -7.02708661 -6.96377953
 -6.90047244 -6.83716535 -6.77385827 -6.71055118 -6.64724409 -6.58393701
 -6.52062992 -6.45732283 -6.39401575 -6.33070866 -6.26740157 -6.20409449
 -6.1407874  -6.07748031 -6.01417323 -5.95086614 -5.88755906 -5.82425197
 -5.76094488 -5.6976378  -5.63433071 -5.57102362 -5.50771654 -5.44440945
 -5.38110236 -5.31779528 -5.25448819 -5.1911811  -5.12787402 -5.06456693
 -5.00125984 -4.93795276 -4.87464567 -4.81133858 -4.7480315  -4.68472441
 -4.62141732 -4.55811024 -4.49480315 -4.43149606 -4.36818898 -4.30488189
 -4.2415748  -4.17826772 -4.11496063 -4.05165354 -3.98834646 -3.92503937
 -3.86173228 -3.7984252  -3.73511811 -3.67181102 -3.60850394 -3.54519685
 -3.48188976 -3.41858268 -3.35527559 -3.2919685  -3.22866142 -3.16535433
 -3.10204724 -3.03874016 -2.97543307 -2.91212598 -2.8488189  -2.78551181
 -2.72220472 -2.65889764 -2.59559055 -2.53228346 -2.46897638 -2.40566929
 -2.3423622  -2.27905512 -2.21574803 -2.15244094 -2.08913386 -2.02582677
 -1.96251969 -1.8992126  -1.83590551 -1.77259843 -1.70929134 -1.64598425
 -1.58267717 -1.51937008 -1.45606299 -1.39275591 -1.32944882 -1.26614173
 -1.20283465 -1.13952756 -1.07622047 -1.01291339 -0.9496063  -0.88629921
 -0.82299213 -0.75968504 -0.69637795 -0.63307087 -0.56976378 -0.50645669
 -0.44314961 -0.37984252 -0.31653543 -0.25322835 -0.18992126 -0.12661417
 -0.06330709  0.          0.06330709  0.12661417  0.18992126  0.25322835
  0.31653543  0.37984252  0.44314961  0.50645669  0.56976378  0.63307087
  0.69637795  0.75968504  0.82299213  0.88629921  0.9496063   1.01291339
  1.07622047  1.13952756  1.20283465  1.26614173  1.32944882  1.39275591
  1.45606299  1.51937008  1.58267717  1.64598425  1.70929134  1.77259843
  1.83590551  1.8992126   1.96251969  2.02582677  2.08913386  2.15244094
  2.21574803  2.27905512  2.3423622   2.40566929  2.46897638  2.53228346
  2.59559055  2.65889764  2.72220472  2.78551181  2.8488189   2.91212598
  2.97543307  3.03874016  3.10204724  3.16535433  3.22866142  3.2919685
  3.35527559  3.41858268  3.48188976  3.54519685  3.60850394  3.67181102
  3.73511811  3.7984252   3.86173228  3.92503937  3.98834646  4.05165354
  4.11496063  4.17826772  4.2415748   4.30488189  4.36818898  4.43149606
  4.49480315  4.55811024  4.62141732  4.68472441  4.7480315   4.81133858
  4.87464567  4.93795276  5.00125984  5.06456693  5.12787402  5.1911811
  5.25448819  5.31779528  5.38110236  5.44440945  5.50771654  5.57102362
  5.63433071  5.6976378   5.76094488  5.82425197  5.88755906  5.95086614
  6.01417323  6.07748031  6.1407874   6.20409449  6.26740157  6.33070866
  6.39401575  6.45732283  6.52062992  6.58393701  6.64724409  6.71055118
  6.77385827  6.83716535  6.90047244  6.96377953  7.02708661  7.0903937
  7.15370079  7.21700787  7.28031496  7.34362205  7.40692913  7.47023622
  7.53354331  7.59685039  7.66015748  7.72346457  7.78677165  7.85007874
  7.91338583  7.97669291  8.04      ]
Contador

[    24     25     25     20     25     23     21     30     21     17
     12     22     19     23     30     30     17     19     18     18
     24     15     27     23     20     14     15     16     18     11
     21     19     15     18      8     10     15     19     19     14
     14     17     15     11     14     14     12     21     17     17
     18     22     24     17     18     18     22     27     17     19
     20     23     17     28     17     22     22     28     27     29
     30     23     21     46     28     26     29     26     29     42
     28     27     24     39     24     34     31     30     28     27
     18     28     32     29     19     43     31     41     51     46
     40     39     43     58     53     60     65     66     86     73
     97    111    116    136    120    103    145    174    199    241
    247    221    171    196    205    197    195 320570    189    211
    208    205    219    230    265    256    200    187    138    110
    113    110    109     94     74     80     76     61     60     60
     50     51     52     35     46     30     30     45     35     29
     35     26     30     34     28     24     28     22     17     23
     27     26     26     30     19     18     14      8     14     11
     25     14     10      8     18     13     13      8     15     11
     10      9     14     13     18     14     13     12      9     12
     12     10     10     16     11     12      9     15     18      9
     11     16     12     16     12     19     17     18     10      9
     16     20      9      9     13      9     13     15     16      9
     18     18     18     19     19     13     16     24     17     29
     18     16     28     19     18     20     18     12     17     17
     15     17     16     17     29]
Moda:  0.0
